10 1000 0.021560 0.020700 0.236810 
20 2000 0.067690 0.066850 0.852590 
30 3000 0.192070 0.142610 2.131850 
40 4000 0.246880 0.244900 3.541460 
50 5000 0.376900 0.375280 5.854830 
60 6000 0.543780 0.542830 8.968170 
70 7000 0.786520 0.784580 13.363370 
80 8000 1.149130 1.141590 20.103340 
90 9000 1.574400 1.597920 28.507350 
100 10000 2.263570 2.267080 40.545200 
110 11000 9.552810 9.882040 50.067700 
120 12000 17.015260 17.715720 59.935560 
130 13000 8.590070 8.774160 47.067320 
140 14000 10.300050 10.467490 51.201630 
150 15000 12.004400 12.208340 54.093120 
160 16000 13.029070 13.316550 57.521660 
170 17000 13.878560 14.272570 60.565430 
180 18000 14.667510 14.955300 64.437300 
190 19000 15.014900 15.400470 65.093180 
200 20000 15.700990 16.106900 69.056630 
