10 2000 0.021350 0.020520 0.234560 
20 4000 0.067520 0.066920 0.872940 
30 6000 0.143210 0.141960 1.982270 
40 8000 0.246490 0.245380 3.637460 
50 10000 0.393690 0.388340 6.362280 
60 12000 0.563980 0.568920 9.721830 
70 14000 0.834220 0.832810 14.839930 
80 16000 1.193870 1.189220 21.265320 
90 18000 1.613820 1.618050 29.386690 
100 20000 2.220030 2.236390 39.661100 
110 22000 2.954540 2.992210 54.249680 
120 24000 3.899950 3.943960 71.460400 
130 26000 2.281770 2.291530 56.603260 
140 28000 2.623050 2.647330 67.563540 
150 30000 2.999310 3.024950 79.749430 
160 32000 3.418250 3.412430 92.073580 
170 34000 3.848680 3.856150 109.222060 
180 36000 4.302160 4.320310 123.832140 
190 38000 4.794880 4.801200 141.606750 
200 40000 5.302120 5.318200 161.890410 
