10 20 0.008500 0.007920 0.066110 
20 40 0.010500 0.010290 0.114810 
30 60 0.013000 0.012520 0.174710 
40 80 0.013920 0.013370 0.211270 
50 100 0.014740 0.014110 0.284900 
60 120 0.015720 0.015210 0.317170 
70 140 0.016990 0.016940 0.373930 
80 160 0.018540 0.018090 0.425580 
90 180 0.020170 0.019210 0.558120 
100 200 0.020860 0.020020 0.524300 
110 220 0.020170 0.019640 0.575030 
120 240 0.021190 0.020520 0.620100 
130 260 0.024180 0.024030 0.846560 
140 280 0.027120 0.026400 0.962520 
150 300 0.027040 0.026610 1.017320 
160 320 0.026970 0.026350 1.066180 
170 340 0.031150 0.030120 1.147210 
180 360 0.030110 0.029550 1.185470 
190 380 0.032170 0.031200 1.276600 
200 400 0.032280 0.031740 1.329760 
