10 500 0.032400 0.058400 0.178000 
20 1000 0.164000 0.166600 0.900600 
30 1500 0.368400 0.370400 2.035200 
40 2000 0.674600 0.695200 3.840200 
50 2500 1.186400 1.268800 6.142200 
60 3000 1.419400 1.437000 8.203600 
70 3500 1.587200 1.565800 9.486400 
80 4000 33.655400 35.571400 12.073200 
90 4500 2.444400 2.721000 13.645600 
100 5000 104.430600 110.128200 13.350800 
110 5500 129.985000 203.061600 14.559800 
120 6000 2.839000 3.268200 17.138600 
130 6500 97.416000 106.764600 19.132000 
140 7000 111.643000 119.755800 17.765200 
150 7500 276.620400 299.088600 19.795200 
160 8000 324.581200 475.384200 19.929600 
170 8500 368.766800 392.908800 22.167600 
180 9000 460.413800 495.666800 22.411400 
190 9500 1225.176400 1295.108200 23.403400 
200 10000 866.787200 968.414400 23.611400 
