10 250 0.038400 0.036000 0.182800 
20 500 0.162800 0.552200 0.801600 
30 750 0.258000 0.259400 1.361800 
40 1000 0.304600 0.321000 1.832400 
50 1250 0.310800 0.303600 2.016200 
60 1500 0.455400 0.444800 2.892400 
70 1750 8.717400 17.349200 2.982600 
80 2000 26.688800 31.287200 4.499000 
90 2250 15.551400 29.297200 4.174600 
100 2500 17.782800 19.107800 3.825200 
110 2750 25.268600 27.402800 4.780000 
120 3000 71.215800 71.787600 4.940600 
130 3250 73.914000 74.135600 7.808200 
140 3500 1.157800 1.076000 8.821800 
150 3750 140.851600 154.862800 8.185200 
160 4000 106.647600 125.334800 7.855400 
170 4250 147.366200 164.023000 9.087000 
180 4500 91.904600 97.753400 11.948000 
190 4750 422.913200 447.673400 12.145200 
200 5000 367.615200 390.572600 13.884600 
