10 1300 0.021250 0.020610 0.238010 
20 2600 0.067660 0.066690 0.855040 
30 3900 0.141920 0.140790 1.921290 
40 5200 0.259430 0.257030 3.846400 
50 6500 0.416270 0.412950 6.703310 
60 7800 0.553610 0.551150 9.323410 
70 9100 0.789770 0.784670 14.002170 
80 10400 1.132490 1.119760 20.043190 
90 11700 1.602600 1.604750 28.811130 
100 13000 2.265130 2.286540 40.672500 
110 14300 2.937830 2.968610 52.203250 
120 15600 3.778170 3.814670 69.558370 
130 16900 2.285070 2.289250 56.655290 
140 18200 6.901780 6.945940 66.830810 
150 19500 11.622510 11.943290 74.175030 
160 20800 15.209530 15.487970 81.456190 
170 22100 19.058650 19.208850 89.019220 
180 23400 22.096200 22.064370 94.699440 
190 24700 24.811060 24.868060 100.117330 
200 26000 26.412230 26.512520 104.959510 
