10 100 0.021390 0.020630 0.237580 
20 200 0.058340 0.059470 0.545120 
30 300 0.074250 0.077050 0.802350 
40 400 0.093140 0.098130 1.073310 
50 500 0.110040 0.118050 1.312480 
60 600 0.130160 0.140040 1.522370 
70 700 0.145880 0.156210 1.933250 
80 800 0.162280 0.176920 1.962350 
90 900 0.171500 0.183480 2.420600 
100 1000 0.187340 0.202070 2.883070 
110 1100 0.203320 0.222280 2.848970 
120 1200 0.217840 0.238320 3.136370 
130 1300 0.217770 0.243460 4.291260 
140 1400 0.234150 0.263090 4.522440 
150 1500 0.238880 0.269970 4.941040 
160 1600 0.255330 0.285920 5.147240 
170 1700 0.269440 0.299090 5.676210 
180 1800 0.283120 0.313880 5.780010 
190 1900 0.286350 0.316890 6.443410 
200 2000 0.295230 0.330550 6.647540 
