10 10 0.005600 0.005440 0.040260 
20 20 0.007500 0.007240 0.073550 
30 30 0.008080 0.007830 0.103040 
40 40 0.008430 0.008040 0.133110 
50 50 0.009110 0.008790 0.166870 
60 60 0.010180 0.051840 0.241190 
70 70 0.011290 0.009810 0.232840 
80 80 0.010820 0.010260 0.260510 
90 90 0.011070 0.010720 0.288670 
100 100 0.011170 0.010860 0.317320 
110 110 0.011430 0.010960 0.352730 
120 120 0.012280 0.011870 0.378820 
130 130 0.013670 0.013390 0.520280 
140 140 0.013720 0.013380 0.553890 
150 150 0.014530 0.014180 0.589520 
160 160 0.014000 0.013810 0.625090 
170 170 0.014850 0.014630 0.666270 
180 180 0.014720 0.014460 0.700240 
190 190 0.015800 0.015330 0.750310 
200 200 0.015850 0.015480 0.786420 
