10 50 0.018990 0.018190 0.182000 
20 100 0.029660 0.030090 0.373150 
30 150 0.042250 0.042370 0.542590 
40 200 0.052690 0.054320 0.746030 
50 250 0.061410 0.063590 0.915740 
60 300 0.070930 0.073900 1.190660 
70 350 0.078300 0.081210 1.295540 
80 400 0.088790 0.093090 1.436420 
90 450 0.094720 0.099620 1.716690 
100 500 0.102730 0.106470 1.809930 
110 550 0.112170 0.116840 2.008520 
120 600 0.120330 0.126940 2.285060 
130 650 0.127210 0.137090 3.088320 
140 700 0.138490 0.150440 3.550800 
150 750 0.151830 0.163330 3.539470 
160 800 0.149700 0.162670 3.831200 
170 850 0.154470 0.167090 4.137740 
180 900 0.161930 0.178310 4.290480 
190 950 0.174550 0.192700 4.669850 
200 1000 0.169940 0.185850 4.706140 
