10 750 0.021280 0.021050 0.241280 
20 1500 0.067620 0.066790 0.855460 
30 2250 0.142690 0.141080 1.898570 
40 3000 0.243960 0.242800 3.463760 
50 3750 0.412620 0.409520 6.561840 
60 4500 0.567550 0.565170 9.626330 
70 5250 0.791820 0.798130 13.957130 
80 6000 2.180600 2.156660 19.271280 
90 6750 4.367850 4.575630 23.982120 
100 7500 6.852510 7.178680 28.651160 
110 8250 8.793830 9.273050 32.720420 
120 9000 10.532740 11.233690 37.707330 
130 9750 6.323980 6.523240 31.749790 
140 10500 6.600640 6.831170 33.430970 
150 11250 6.868430 7.120280 35.187920 
160 12000 7.108880 7.386480 36.927450 
170 12750 6.991350 7.281030 37.449240 
180 13500 7.278170 7.529170 38.991790 
190 14250 7.272220 7.587690 40.239450 
200 15000 7.529050 7.801550 42.108150 
