10 1700 0.021440 0.020810 0.241080 
20 3400 0.067920 0.066390 0.871370 
30 5100 0.142280 0.141200 1.960940 
40 6800 0.246010 0.244110 3.677760 
50 8500 0.385560 0.380910 6.111790 
60 10200 0.554600 0.553020 9.383330 
70 11900 0.803490 0.799450 14.034620 
80 13600 1.119910 1.122550 20.126430 
90 15300 1.562480 1.571800 28.322470 
100 17000 2.244470 2.272680 40.654130 
110 18700 2.961000 2.970880 53.541310 
120 20400 3.792530 3.817570 69.429110 
130 22100 2.284120 2.284840 56.894700 
140 23800 2.689740 2.656160 67.513070 
150 25500 3.004740 3.022810 79.862370 
160 27200 3.350970 3.393420 92.766520 
170 28900 3.852720 3.851900 108.334910 
180 30600 12.161540 12.266190 124.780560 
190 32300 19.830300 20.002870 134.959280 
200 34000 26.574880 27.037830 147.957510 
