100 100 0.011050 0.010350 0.300600 
100 200 0.019300 0.018600 0.449800 
100 300 0.062200 0.064800 1.477000 
100 400 0.087500 0.091900 1.936950 
100 500 0.097550 0.105400 1.667100 
100 600 0.114750 0.121550 1.902750 
100 700 0.129450 0.135500 2.047900 
100 800 0.157300 0.167000 2.062800 
100 900 0.172950 0.186900 2.385950 
100 1000 0.180450 0.197200 2.599400 
100 1100 0.203850 0.229350 2.621700 
100 1200 0.229550 0.258250 3.039250 
100 1300 0.251750 0.262600 3.087000 
100 1400 0.285950 0.306700 3.085300 
100 1500 0.277150 0.299750 3.532300 
100 1600 0.300600 0.314150 3.723050 
100 1700 0.346650 0.378400 4.068750 
100 1800 0.355500 0.385800 4.154100 
100 1900 0.362600 0.397550 4.310600 
100 2000 0.369300 0.401150 4.345800 
100 2100 0.430300 0.495950 4.420850 
100 2200 0.414800 0.464050 4.253950 
100 2300 0.480300 0.532950 5.330650 
100 2400 0.498850 0.557800 5.198900 
100 2500 0.530850 0.574200 5.153700 
100 2600 0.668100 0.734950 5.594700 
100 2700 0.672000 0.756450 5.907650 
100 2800 0.680300 0.739850 5.943400 
100 2900 0.848350 0.956850 6.785200 
100 3000 0.789350 0.869750 6.338700 
100 3100 0.868700 0.949700 6.614000 
100 3200 0.953200 1.042800 7.060650 
100 3300 1.063150 1.150400 7.644100 
100 3400 1.108750 1.243000 7.689050 
100 3500 1.288100 1.411750 8.041700 
100 3600 1.354400 1.443700 8.579150 
100 3700 1.420600 1.541300 9.117050 
100 3800 1.517500 1.659300 9.272350 
100 3900 1.668250 1.815550 10.101900 
100 4000 1.702150 1.841700 9.917950 
100 4100 1.927700 2.058150 10.414050 
100 4200 1.886050 2.051850 10.843600 
100 4300 2.122400 2.346500 11.485000 
100 4400 2.369650 2.599950 12.119100 
100 4500 2.401200 2.612950 12.860400 
100 4600 2.531350 2.711500 13.168100 
100 4700 2.755900 2.905750 13.654100 
100 4800 2.707850 2.986000 13.852550 
100 4900 2.983900 3.182250 14.323450 
100 5000 3.197400 3.460450 14.968550 
100 5100 3.266900 3.433900 15.012500 
100 5200 3.533950 3.762100 16.556150 
100 5300 3.613900 3.841000 16.968650 
100 5400 3.977150 4.204050 18.765100 
100 5500 3.929300 4.295250 17.375500 
100 5600 4.365700 4.712600 19.091850 
100 5700 4.513250 4.914000 20.132750 
100 5800 4.885150 5.270900 20.843500 
100 5900 5.174150 5.565450 21.079400 
100 6000 5.072800 5.552200 22.443000 
100 6100 5.214150 5.810550 23.004400 
100 6200 5.628750 5.998900 22.262200 
100 6300 5.628600 5.987800 23.171250 
100 6400 6.134500 6.750600 24.782800 
100 6500 6.673300 7.007100 25.390650 
100 6600 6.341900 6.782400 25.243500 
100 6700 7.071350 7.428000 27.031500 
100 6800 6.896600 7.470800 26.933200 
100 6900 7.176350 7.824200 28.089150 
100 7000 7.313000 8.033650 27.384050 
100 7100 7.966550 8.523800 28.796300 
100 7200 8.067250 8.653600 28.716200 
100 7300 7.834750 8.381300 29.779950 
100 7400 8.439450 9.154450 31.588600 
100 7500 8.520550 9.161400 30.597850 
100 7600 8.293550 9.081550 32.565950 
100 7700 8.914000 9.523650 33.924850 
100 7800 8.383850 9.121150 35.392900 
100 7900 9.044800 10.001300 33.834700 
100 8000 9.769100 10.394300 36.391900 
100 8100 9.541750 10.146600 36.337700 
100 8200 9.668700 10.552050 37.407450 
100 8300 8.732850 10.091700 38.335400 
100 8400 9.281400 10.091250 39.380800 
100 8500 8.673000 9.424800 40.275150 
100 8600 9.452350 10.339250 38.861200 
100 8700 8.385400 9.228500 40.799750 
100 8800 9.186200 10.320350 41.365100 
100 8900 8.520850 9.077100 41.885650 
100 9000 7.709300 8.443250 42.024850 
100 9100 8.286800 8.684100 42.724950 
100 9200 7.797350 7.953500 42.499700 
100 9300 6.984450 7.459900 42.309950 
100 9400 6.708050 7.092100 44.540700 
100 9500 6.369200 6.669800 44.484750 
100 9600 5.056550 5.347700 45.762900 
100 9700 4.530300 4.808500 45.849200 
100 9800 3.717050 3.805900 45.971000 
100 9900 2.712700 2.714050 47.214700 
100 10000 2.672950 2.713900 46.038400 
