100 100 0.041850 0.039450 0.224650 
100 200 0.209150 0.194700 0.418600 
100 300 6.129250 5.790350 0.977750 
100 400 11.073450 10.670350 1.412400 
100 500 14.974750 14.546250 1.708650 
100 600 10.425600 10.234150 1.415500 
100 700 18.839350 18.883750 1.679900 
100 800 18.896500 19.740950 1.676750 
100 900 21.026900 21.629050 2.070200 
100 1000 26.680100 28.693450 2.222800 
100 1100 23.268350 24.018300 2.765850 
100 1200 31.610400 34.543850 2.959850 
100 1300 25.919900 28.880500 2.928850 
100 1400 32.202800 33.912200 2.789150 
100 1500 29.517100 31.628300 2.722700 
100 1600 33.829150 35.329150 3.709200 
100 1700 33.420800 35.721600 3.790950 
100 1800 29.506600 31.416350 3.290050 
100 1900 31.240900 33.161200 3.451900 
100 2000 36.469800 39.771950 4.739150 
100 2100 29.753150 32.846000 4.707950 
100 2200 42.402700 45.039350 4.996400 
100 2300 35.535550 38.305900 3.900450 
100 2400 43.101050 46.389950 4.178000 
100 2500 40.522100 43.235000 5.351550 
100 2600 59.597450 64.193000 7.064250 
100 2700 56.700250 60.894650 6.817050 
100 2800 40.898850 44.078700 6.480050 
100 2900 50.194850 53.920950 6.663500 
100 3000 56.726800 61.391350 7.701750 
100 3100 43.283750 47.224350 7.091200 
100 3200 64.076100 69.847450 7.488350 
100 3300 76.088800 82.247350 7.674350 
100 3400 57.290000 61.951450 8.271750 
100 3500 75.146250 82.166250 8.032150 
100 3600 55.370500 59.826500 8.849000 
100 3700 63.211550 69.414300 9.071000 
100 3800 52.443650 57.058300 9.613500 
100 3900 59.670300 63.202000 10.061150 
100 4000 61.200700 65.931550 10.241250 
100 4100 93.228700 100.016050 10.506650 
100 4200 101.838150 109.516950 11.597150 
100 4300 91.380300 100.143850 11.750450 
100 4400 67.223200 71.735700 12.244250 
100 4500 110.102400 117.158000 13.371400 
100 4600 84.482550 90.946450 13.536550 
100 4700 100.616300 108.547800 14.068150 
100 4800 81.897700 87.457700 14.524150 
100 4900 91.762850 96.828000 15.104300 
100 5000 85.912900 92.291900 14.827100 
100 5100 112.218400 118.233450 16.423200 
100 5200 89.771850 95.737950 16.567600 
100 5300 83.175300 90.819450 16.236800 
100 5400 93.587050 100.738000 16.873950 
100 5500 104.604200 111.405050 18.309700 
100 5600 88.822550 95.300800 18.391650 
100 5700 91.885800 98.922050 19.013750 
100 5800 103.645650 109.154650 20.207550 
100 5900 104.254750 111.334300 20.638600 
100 6000 143.071800 153.695700 20.990100 
100 6100 129.761300 137.281750 21.567500 
100 6200 114.001550 119.070800 23.221800 
100 6300 52.902200 55.885300 22.430200 
100 6400 85.197500 90.139400 23.245300 
100 6500 130.641700 138.019500 24.337500 
100 6600 120.580350 128.059100 24.270800 
100 6700 147.816700 156.209400 25.353050 
100 6800 157.535400 167.606200 26.648700 
100 6900 162.054500 172.148650 26.953900 
100 7000 146.844100 152.032050 27.150200 
100 7100 111.613300 116.124500 26.453650 
100 7200 134.479550 142.291050 28.388800 
100 7300 191.818000 200.574650 29.280000 
100 7400 126.773950 134.315350 27.760200 
100 7500 169.458950 177.782650 30.398300 
100 7600 162.374450 169.467100 30.895450 
100 7700 160.485050 170.441750 31.168250 
100 7800 167.657350 174.930650 32.619500 
100 7900 167.272450 176.916000 33.301400 
100 8000 141.603150 149.672700 33.903650 
100 8100 201.885400 212.045400 34.249700 
100 8200 161.804300 169.625200 34.479400 
100 8300 227.415400 235.273350 34.373600 
100 8400 176.098500 185.481600 34.482500 
100 8500 231.117350 242.639950 35.519450 
100 8600 191.067350 198.213300 35.705450 
100 8700 137.757800 144.852700 35.927350 
100 8800 156.491500 159.283950 36.661950 
100 8900 236.138400 244.332650 38.356450 
100 9000 154.368300 159.247650 37.613400 
100 9100 138.822550 144.011200 37.271050 
100 9200 168.320500 172.063150 38.254800 
100 9300 150.801550 158.638500 39.098200 
100 9400 118.351100 124.316650 37.333900 
100 9500 115.721250 122.546750 38.046050 
100 9600 137.691400 142.642550 38.513850 
100 9700 77.536100 77.971400 37.805400 
100 9800 100.968200 104.433150 38.593550 
100 9900 158.630000 166.185400 39.310000 
100 10000 117.896100 122.273400 39.165850 
