10 50 0.056700 0.055200 0.133200 
20 100 0.297400 0.308300 0.265050 
30 150 0.631250 0.617850 0.382350 
40 200 1.549850 1.551800 0.583500 
50 250 2.805300 2.839650 0.722800 
60 300 4.235650 4.233700 0.992650 
70 350 7.576900 7.144350 1.075500 
80 400 9.039400 8.833150 1.351300 
90 450 8.228350 7.558750 1.229250 
100 500 14.334800 13.927750 1.368700 
110 550 19.876000 18.588300 1.680500 
120 600 18.993150 16.992500 2.021100 
130 650 18.938800 16.706100 2.294400 
140 700 31.270450 29.218500 2.691350 
150 750 30.482050 27.264900 2.623400 
160 800 44.822800 40.554100 2.821250 
170 850 44.580150 42.547350 3.185900 
180 900 35.619400 32.019500 3.581200 
190 950 57.752900 53.888100 3.464300 
200 1000 68.773900 60.279300 3.594400 
